93
87
65
85
62
41
72
83
39
55
60
89
70
4
49
59
77
44
57
14
31
56
100
28
16
46
9
29
66
47
71
40
36
74
54
12
8
64
73
24
30
1
37
42
35
48
51
6
17
82
91
68
11
25
53
67
18
75
23
97
27
33
78
94
90
15
34
81
21
3
38
96
84
10
79
88
7
26
5
20
50
92
43
2
98
19
99
45
58
52
76
80
95
13
22
69
32
63
86
61
93
87
65
85
62
41
72
83
39
55
60
89
70
4
49
59
77
44
57
14
31
56
100
28
16
46
9
29
66
47
71
40
36
74
54
12
8
64
73
24
30
1
37
42
35
48
51
6
17
82
91
68
11
25
53
67
18
75
23
97
27
33
78
94
90
15
34
81
21
3
38
96
84
10
79
88