8
14
36
16
39
60
29
18
62
46
41
12
31
4
52
42
24
57
44
14
70
45
1
28
16
55
9
100
35
54
30
61
65
27
47
12
8
37
28
24
71
1
64
59
66
53
50
6
17
19
10
33
11
25
48
34
18
26
23
4
27
68
23
7
11
15
67
20
21
3
63
5
17
10
22
13
7
26
5
20
51
9
58
2
3
19
2
56
43
49
25
21
6
13
22
32
69
38
15
40
8
14
36
16
39
60
29
18
62
46
41
12
31
4
52
42
24
57
44
14
70
45
1
28
16
55
9
100
35
54
30
61
65
27
47
12
8
37
28
24
71
1
64
59
66
53
50
6
17
19
10
33
11
25
48
34
18
26
23
4
27
68
23
7
11
15
67
20
21
3
63
5
17
10
22
13
7
26
5
20
51
9
58
2
3
19
2
56
43
49
25
21
6
13
22
32
69
38
15
40
8
14
36
16
39
60
29
18
62
46
41
12
31
4
52
42
24
57
44
14
70
45
1
28
16
55
9
100
35
54
30
61
65
27
47
12
8
37
28
24
71
1
64
59
66
53
50
6
17
19
10
33
11
25
48
34
18
26
23
4
27
68
23
7
11
15
67
20
21
3
63
5
17
10
22
13
7
26
5
20
51
9
58
2
3
19
2
56
43
49
25
21
6
13
22
32
69
38
15
40
8
14
36
16
39
60
29
18
62
46
41
12
31
4
52
42
24
57
44
14
70
45
1
28
16
55
9
100
35
54
30
61
65
27
47
12
8
37
28
24
71
1
64
59
66
53
50
6
17
19
10
33
11
25
48
34
18
26
23
4
27
68
23
7
11
15
67
20
21
3
63
5
17
10
22
13
7
26
5
20
51
9
58
2
3
19
2
56
43
49
25
21
6
13
22
32
69
38
15
40
8
14
36
16
39
60
29
18
62
46
41
12
31
4
52
42
24
57
44
14
70
45
1
28
16
55
9
100
35
54
30
61
65
27
47
12
8
37
28
24
71
1
64
59
66
53
50
6
17
19
10
33
11
25
48
34
18
26
23
4
27
68
23
7
11
15
67
20
21
3
63
5
17
10
22
13
7
26
5
20
51
9
58
2
3
19
2
56
43
49
25
21
6
13
22
32
69
38
15
40
8
14
36
16
39
60
29
18
62
46
41
12
31
4
52
42
24
57
44
14
70
45
1
28
16
55
9
100
35
54
30
61
65
27
47
12
8
37
28
24
71
1
64
59
66
53
50
6
17
19
10
33
11
25
48
34
18
26
23
4
27
68
23
7
11
15
67
20
21
3
63
5
17
10
22
13
7
26
5
20
51
9
58
2
3
19
2
56
43
49
25
21
6
13
22
32
69
38
15
40
8
14
36
16
39
60
29
18
62
46
41
12
31
4
52
42
24
57
44
14
70
45
1
28
16
55
9
100
35
54
30
61
65
27
47
12
8
37
28
24
71
1
64
59
66
53
50
6
17
19
10
33
11
25
48
34
18
26
23
4
27
68
23
7
11
15
67
20
21
3
63
5
17
10
22
13
7
26
5
20
51
9
58
2
3
19
2
56
43
49
25
21
6
13
22
32
69
38
15
40
8
14
36
16
39
60
29
18
62
46
41
12
31
4
52
42
24
57
44
14
70
45
1
28
16
55
9
100
35
54
30
61
65
27
47
12
8
37
28
24
71
1
64
59
66
53
50
6
17
19
10
33
11
25
48
34
18
26
23
4
27
68
23
7
11
15
67
20
21
3
63
5
17
10
22
13
7
26
5
20
51
9
58
2
3
19
2
56
43
49
25
21
6
13
22
32
69
38
15
40
8
14
36
16
39
60
29
18
62
46
41
12
31
4
52
42
24
57
44
14
70
45
1
28
16
55
9
100
35
54
30
61
65
27
47
12
8
37
28
24
71
1
64
59
66
53
50
6
17
19
10
33
11
25
48
34
18
26
23
4
27
68
23
7
11
15
67
20
21
3
63
5
17
10
22
13
7
26
5
20
51
9
58
2
3
19
2
56
43
49
25
21
6
13
22
32
69
38
15
40
8
14
36
16
39
60
29
18
62
46
41
12
31
4
52
42
24
57
44
14
70
45
1
28
16
55
9
100
35
54
30
61
65
27
47
12
8
37
28
24
71
1
64
59
66
53
50
6
17
19
10
33
11
25
48
34
18
26
23
4
27
68
23
7
11
15
67
20
21
3
63
5
17
10
22
13
7
26
5
20
51
9
58
2
3
19
2
56
43
49
25
21
6
13
22
32
69
38
15
40